SBWM-3			
4			
x			
y			
z			
64 inch			
x utm	y utm	z	64 inch
4397.16	5815.44	-1.78028136	50
4397.16	5815.44	2.13856272	50
4397.16	5815.44	6.05743728	50
4397.16	5815.44	8.01684408	50
4397.16	5815.44	11.06639856	45.7746
4397.16	5815.44	11.50701744	41.4085
4397.16	5815.44	12.01758792	34.3662
4397.16	5815.44	12.24112824	38.3099
4397.16	5815.44	13.441644	29.8592
4397.16	5815.44	14.5392288	25.3521
4397.16	5815.44	16.2787224	21.2676
4397.16	5815.44	17.361372	17.3239
4397.16	5815.44	19.0642896	14.6479
4397.16	5815.44	23.3833056	11.831
4397.16	5815.44	28.0068168	9.85915
4397.16	5815.44	34.233576	9.01408
4397.16	5815.44	39.1323216	9.01408
4397.16	5815.44	41.6822784	11.4085
4397.16	5815.44	43.9387128	12.5352
4397.16	5815.44	45.9275328	11.4085
4397.16	5815.44	47.3000472	8.87324
4397.16	5815.44	50.9329584	7.32394
4397.16	5815.44	55.2224088	5.6338
4397.16	5815.44	58.1064264	7.74648
4397.16	5815.44	58.9684008	12.2535
4397.16	5815.44	59.7898368	18.3099
4397.16	5815.44	60.5710392	25.9155
4397.16	5815.44	61.4403288	30.1408
4397.16	5815.44	62.944212	35.0704
4397.16	5815.44	64.1365896	39.4366
4397.16	5815.44	65.003136	31.2676
4397.16	5815.44	65.7962256	25.9155
4397.16	5815.44	66.295488	19.2958
4397.16	5815.44	68.695788	14.9296
4397.16	5815.44	74.1922464	17.0423
4397.16	5815.44	77.688912	20.7042
4397.16	5815.44	81.1413816	26.0563
4397.16	5815.44	83.0271792	28.8732
4397.16	5815.44	85.9368	30
4397.16	5815.44	87.3202872	27.0423
4397.16	5815.44	89.1152544	20.8451
4397.16	5815.44	89.8492128	17.7465
4397.16	5815.44	91.9410552	12.6761
4397.16	5815.44	93.9371904	11.2676
4397.16	5815.44	96.4136904	16.4789
4397.16	5815.44	96.8175504	13.5211
4397.16	5815.44	100.017036	16.0563
4397.16	5815.44	100.0907976	13.2394
4397.16	5815.44	102.1161936	10.7042
4397.16	5815.44	104.0867256	10.2817
4397.16	5815.44	105.6460824	13.0986
4397.16	5815.44	105.712224	10.5634
4397.16	5815.44	106.2367848	15.493
4397.16	5815.44	107.1426504	18.3099
4397.16	5815.44	108.5078496	16.0563
4397.16	5815.44	110.1961368	13.9437
4397.16	5815.44	111.1205952	16.0563
4397.16	5815.44	111.7186128	18.169
4397.16	5815.44	114.4596792	13.2394
4397.16	5815.44	114.8269632	11.6901
4397.16	5815.44	117.0245712	15.0704
4397.16	5815.44	117.7283544	25.6338
4397.16	5815.44	117.812784	22.3944
4397.16	5815.44	117.9197688	18.3099
4397.16	5815.44	119.2654608	29.2958
4397.16	5815.44	122.61948	25.9155
4397.16	5815.44	123.4704816	30.8451
4397.16	5815.44	128.0717424	29.7183
4397.16	5815.44	129.1141584	27.3239
4397.16	5815.44	130.4720424	25.3521
4397.16	5815.44	132.6952536	27.7465
4397.16	5815.44	133.854408	33.3803
4397.16	5815.44	134.2768608	29.7183
4397.16	5815.44	135.7917168	34.2254
4397.16	5815.44	136.6363176	26.9014
4397.16	5815.44	137.3925264	22.9577
4397.16	5815.44	137.528772	17.7465
4397.16	5815.44	139.9101744	14.0845
4397.16	5815.44	141.6057768	11.6901
4397.16	5815.44	143.8917768	11.6901
4397.16	5815.44	146.8788168	9.85915
4397.16	5815.44	148.1224008	12.2535
4397.16	5815.44	148.4747496	11.2676
4397.16	5815.44	150.0450792	13.662
4397.16	5815.44	150.2169864	19.5775
4397.16	5815.44	151.130472	22.1127
4397.16	5815.44	151.724832	24.3662
4397.16	5815.44	154.9794864	24.7887
4397.16	5815.44	157.2913944	23.8028
4397.16	5815.44	158.0180376	20.9859
4397.16	5815.44	159.5441712	25.0704
4397.16	5815.44	160.4796024	26.7606
4397.16	5815.44	161.7518376	40.5634
4397.16	5815.44	162.0279864	30
4397.16	5815.44	162.2062944	48.169
4397.16	5815.44	162.2910288	44.9296
4397.16	5815.44	162.5668728	34.3662
4397.16	5815.44	163.4803584	36.9014
4397.16	5815.44	164.1399456	49.1549
4397.16	5815.44	166.1437008	47.4648
4397.16	5815.44	167.5613256	30.7042
4397.16	5815.44	167.975244	39.8592
4397.16	5815.44	168.1188048	34.3662
4397.16	5815.44	169.2639384	28.0282
4397.16	5815.44	171.0403128	22.5352
4397.16	5815.44	171.1433352	18.5915
4397.16	5815.44	172.8425952	16.0563
4397.16	5815.44	174.4458432	17.1831
4397.16	5815.44	175.5793944	23.8028
4397.16	5815.44	175.6601664	20.7042
4397.16	5815.44	176.9839128	32.5352
4397.16	5815.44	177.439284	27.6056
4397.16	5815.44	178.1909208	36.338
4397.16	5815.44	179.7060816	40.8451
4397.16	5815.44	180.3370176	41.6901
4397.16	5815.44	182.6858064	39.2958
4397.16	5815.44	183.7611408	35.6338
4397.16	5815.44	184.7886216	33.8028
4397.16	5815.44	186.6780768	36.4789
4397.16	5815.44	188.2188408	40
4397.16	5815.44	189.4996104	40.9859
4397.16	5815.44	192.1781928	38.4507
4397.16	5815.44	194.85708	35.9155
4397.16	5815.44	198.1818384	33.662
4397.16	5815.44	198.9221976	42.8169
4397.16	5815.44	199.0474704	38.0282
4397.16	5815.44	200.4778968	45.7746
4397.16	5815.44	201.0426912	49.1549
4397.16	5815.44	204.103188	44.507
4397.16	5815.44	205.9164432	37.6056
4397.16	5815.44	206.2980528	35.493
4397.16	5815.44	206.7128856	32.1127
4397.16	5815.44	208.111308	28.5915
4397.16	5815.44	208.8379512	25.7746
4397.16	5815.44	209.7157752	17.1831
4397.16	5815.44	209.9318784	21.4085
4397.16	5815.44	210.4128528	15.493
4397.16	5815.44	212.3907	14.7887
4397.16	5815.44	213.184704	46.9014
4397.16	5815.44	213.6455616	16.7606
4397.16	5815.44	214.3347144	27.8873
4397.16	5815.44	214.507536	21.2676
4397.16	5815.44	214.605072	42.5352
4397.16	5815.44	214.7007792	38.8732
4397.16	5815.44	214.7928288	35.3521
4397.16	5815.44	215.7310032	49.4366
4397.16	5815.44	217.7935848	45.493
4397.16	5815.44	218.2754736	27.0423
4397.16	5815.44	218.4117192	21.831
4397.16	5815.44	218.626908	38.5915
4397.16	5815.44	219.1155024	32.3944
4397.16	5815.44	219.2230968	15.7746
4397.16	5815.44	221.604804	12.1127
4397.16	5815.44	225.92382	9.29577
4397.16	5815.44	230.19864	8.16901
4397.16	5815.44	235.7685552	7.46479
4397.16	5815.44	238.3666704	8.02817
4397.16	5815.44	240.5569632	11.6901
4397.16	5815.44	242.046216	17.1831
4397.16	5815.44	243.9064104	20.9859
4397.16	5815.44	245.2716096	18.7324
4397.16	5815.44	246.5334816	20.4225
4397.16	5815.44	247.4506248	22.8169
4397.16	5815.44	248.2022616	31.5493
4397.16	5815.44	248.3125992	27.3239
4397.16	5815.44	249.3394704	38.0282
4397.16	5815.44	250.0844016	34.507
4397.16	5815.44	250.7366736	47.0423
4397.16	5815.44	250.7955	44.7887
4397.16	5815.44	251.3124408	50
4397.16	5815.44	254.5783728	50
4397.16	5815.44	255.8265288	39.7183
4397.16	5815.44	255.935952	48.0282
4397.16	5815.44	257.9073984	35.0704
4397.16	5815.44	261.6101088	30.8451
4397.16	5815.44	263.9366472	29.2958
4397.16	5815.44	267.1653936	30.7042
4397.16	5815.44	270.0789768	31.6901
4397.16	5815.44	272.0272584	32.1127
4397.16	5815.44	274.5848352	34.2254
4397.16	5815.44	277.1274768	36.9014
4397.16	5815.44	277.1677104	35.3521
4397.16	5815.44	278.485056	34.9296
4397.16	5815.44	280.0553856	37.3239
4397.16	5815.44	281.8640688	43.0986
4397.16	5815.44	281.933868	40.4225
4397.16	5815.44	282.4812888	31.9718
4397.16	5815.44	283.1335608	44.507
4397.16	5815.44	283.229268	40.8451
4397.16	5815.44	283.2926664	25.9155
4397.16	5815.44	283.5124272	30
4397.16	5815.44	284.0257104	35.3521
4397.16	5815.44	284.0433888	47.1831
4397.16	5815.44	287.467512	41.1268
4397.16	5815.44	289.412136	41.6901
4397.16	5815.44	290.765448	39.8592
4397.16	5815.44	291.35676	42.2535
4397.16	5815.44	291.70728	28.8732
4397.16	5815.44	292.170576	36.0563
4397.16	5815.44	293.4294	37.8873
4397.16	5815.44	294.651648	28.5915
4397.16	5815.44	295.709304	25.6338
4397.16	5815.44	300.357504	22.6761
4397.16	5815.44	303.618864	22.9577
4397.16	5815.44	306.295008	20.4225
4397.16	5815.44	309.550272	20.8451
4397.16	5815.44	312.08316	23.9437
4397.16	5815.44	313.799184	20.7042
4397.16	5815.44	318.413856	19.1549
4397.16	5815.44	321.693504	18.5915
4397.16	5815.44	329.240352	17.1831
4397.16	5815.44	329.270832	16.0563
4397.16	5815.44	332.157288	18.0282
4397.16	5815.44	333.760536	19.1549
4397.16	5815.44	336.6348	21.6901
4397.16	5815.44	340.603296	19.7183
4397.16	5815.44	340.868472	22.1127
4397.16	5815.44	344.532168	19.4366
4397.16	5815.44	345.781848	21.5493
4397.16	5815.44	348.756696	20.1408
4397.16	5815.44	351.78336	29.2958
4397.16	5815.44	352.203984	25.7746
4397.16	5815.44	352.28628	22.5352
4397.16	5815.44	357.333768	29.4366
4397.16	5815.44	363.539496	29.2958
4397.16	5815.44	369.504432	26.0563
4397.16	5815.44	374.768328	24.507
4397.16	5815.44	379.751808	21.2676
4397.16	5815.44	384.415248	17.7465
4397.16	5815.44	389.7462	13.8028
4397.16	5815.44	397.561272	14.6479
4397.16	5815.44	397.94532	12.3944
4397.16	5815.44	400.50564	14.3662
4397.16	5815.44	402.206424	11.831
4397.16	5815.44	407.10456	11.831
