SBWM-2			
4			
x			
y			
z			
16 inch			
long UTM	lat UTM	z	16 inch
4638.24	6252.62	-11.54245824	40.8712
4638.24	6252.62	-10.11584184	29.3802
4638.24	6252.62	-10.11584184	29.3802
4638.24	6252.62	-9.75919536	16.1035
4638.24	6252.62	-9.40254888	22.8833
4638.24	6252.62	-7.26263952	31.9235
4638.24	6252.62	-5.8360536	22.1782
4638.24	6252.62	-5.47940712	27.263
4638.24	6252.62	-4.40946768	16.5289
4638.24	6252.62	-3.33949776	11.0208
4638.24	6252.62	1.29693696	8.19737
4638.24	6252.62	7.3599576	5.51566
4638.24	6252.62	8.4298056	49.5838
4638.24	6252.62	9.1433424	41.3919
4638.24	6252.62	9.8565744	36.3074
4638.24	6252.62	11.9965752	24.0199
4638.24	6252.62	13.7796552	18.3708
4638.24	6252.62	15.206424	13.8515
4638.24	6252.62	16.989504	10.4622
4638.24	6252.62	20.5559688	7.7797
4638.24	6252.62	22.6959696	6.50919
4638.24	6252.62	25.9058184	5.94523
4638.24	6252.62	28.4024352	6.51099
4638.24	6252.62	29.8288992	5.94646
4638.24	6252.62	30.5421312	4.95799
4638.24	6252.62	31.612284	3.96962
4638.24	6252.62	33.75198	5.9477
4638.24	6252.62	35.5353648	4.1121
4638.24	6252.62	37.3184448	4.96012
4638.24	6252.62	40.1716776	4.39605
4638.24	6252.62	43.7381424	4.11468
4638.24	6252.62	46.2347592	5.24541
4638.24	6252.62	49.444608	6.8001
4638.24	6252.62	51.5846088	5.2471
4638.24	6252.62	54.7944576	6.66054
4638.24	6252.62	59.7873864	4.96719
4638.24	6252.62	62.6406192	3.97939
4638.24	6252.62	65.493852	5.95769
4638.24	6252.62	66.5640048	8.64164
4638.24	6252.62	69.4169328	30.394
4638.24	6252.62	70.1304696	37.3151
4638.24	6252.62	71.9135496	18.5303
4638.24	6252.62	72.6267816	29.1238
4638.24	6252.62	73.6969344	8.64389
4638.24	6252.62	77.2633992	34.775
4638.24	6252.62	79.0464792	42.1201
4638.24	6252.62	81.899712	23.3357
4638.24	6252.62	82.256328	17.6861
4638.24	6252.62	83.6830968	12.1781
4638.24	6252.62	85.1095608	7.94127
4638.24	6252.62	86.5363296	20.2299
4638.24	6252.62	86.8929456	26.7271
4638.24	6252.62	89.0329464	22.9143
4638.24	6252.62	90.1027944	13.0276
4638.24	6252.62	91.1726424	18.8189
4638.24	6252.62	94.0258752	15.0062
4638.24	6252.62	94.7391072	9.49797
4638.24	6252.62	97.235724	17.2671
4638.24	6252.62	97.948956	26.7306
4638.24	6252.62	99.7323408	19.8103
4638.24	6252.62	99.7323408	19.8103
4638.24	6252.62	100.8021888	15.9971
4638.24	6252.62	101.5157256	19.6696
4638.24	6252.62	101.8723416	19.1047
4638.24	6252.62	104.0120376	20.2354
4638.24	6252.62	106.1520384	18.2586
4638.24	6252.62	107.5785024	20.0952
4638.24	6252.62	108.6486552	16.5645
4638.24	6252.62	110.4317352	13.034
4638.24	6252.62	111.145272	6.96076
4638.24	6252.62	112.928352	5.69014
4638.24	6252.62	117.2080488	7.81013
4638.24	6252.62	118.9914336	5.40956
4638.24	6252.62	121.8446664	8.5178
4638.24	6252.62	122.2012824	11.2015
4638.24	6252.62	125.0545152	12.3324
4638.24	6252.62	127.194516	13.3217
4638.24	6252.62	127.551132	7.10717
4638.24	6252.62	128.264364	5.12999
4638.24	6252.62	130.4043648	4.42445
4638.24	6252.62	131.8308288	7.81473
4638.24	6252.62	132.5440608	11.7698
4638.24	6252.62	133.6142136	14.8774
4638.24	6252.62	133.9708296	17.2787
4638.24	6252.62	135.7539096	13.8894
4638.24	6252.62	136.4671416	17.562
4638.24	6252.62	138.6071424	6.82816
4638.24	6252.62	138.9637584	9.79438
4638.24	6252.62	139.6769904	13.8906
4638.24	6252.62	142.5302232	5.69946
4638.24	6252.62	143.24376	11.7731
4638.24	6252.62	143.600376	20.6715
4638.24	6252.62	143.956992	25.6152
4638.24	6252.62	146.4536088	22.5086
4638.24	6252.62	147.1668408	18.4128
4638.24	6252.62	147.8800728	15.4469
4638.24	6252.62	150.0200736	16.86
4638.24	6252.62	151.8031536	18.273
4638.24	6252.62	153.2299224	21.9458
4638.24	6252.62	156.0831552	17.1444
4638.24	6252.62	158.2228512	28.8682
4638.24	6252.62	158.5794672	22.3712
4638.24	6252.62	160.006236	34.6598
4638.24	6252.62	163.5727008	32.5422
4638.24	6252.62	163.9293168	25.9039
4638.24	6252.62	164.2859328	19.4069
4638.24	6252.62	164.6425488	7.11885
4638.24	6252.62	164.6425488	7.11885
4638.24	6252.62	167.1391656	6.41342
4638.24	6252.62	169.6357824	9.23906
4638.24	6252.62	170.3490144	7.54437
4638.24	6252.62	172.4890152	10.5111
4638.24	6252.62	172.8456312	6.41521
4638.24	6252.62	176.05548	10.371
4638.24	6252.62	176.412096	21.8118
4638.24	6252.62	178.195176	18.8463
4638.24	6252.62	180.3351768	22.378
4638.24	6252.62	182.1185616	21.1074
4638.24	6252.62	183.1884096	25.4863
4638.24	6252.62	185.6850264	30.4306
4638.24	6252.62	186.0416424	38.0578
4638.24	6252.62	188.1816432	29.4426
4638.24	6252.62	188.8948752	26.7592
4638.24	6252.62	192.46134	25.3479
4638.24	6252.62	193.174572	33.964
4638.24	6252.62	193.531188	28.3144
4638.24	6252.62	195.3145728	42.0155
4638.24	6252.62	196.3844208	21.6769
4638.24	6252.62	196.7410368	27.7504
4638.24	6252.62	197.4542688	16.4512
4638.24	6252.62	198.1678056	11.7904
4638.24	6252.62	198.5244216	8.4007
4638.24	6252.62	201.0210384	14.1924
4638.24	6252.62	202.0908864	21.2549
4638.24	6252.62	204.5875032	27.4704
4638.24	6252.62	204.9441192	33.8264
4638.24	6252.62	206.7271992	40.0417
4638.24	6252.62	208.8672	34.2514
4638.24	6252.62	209.223816	29.0255
4638.24	6252.62	209.937048	24.2235
4638.24	6252.62	211.7204328	29.0263
4638.24	6252.62	213.1468968	30.7217
4638.24	6252.62	214.5736656	31.8521
4638.24	6252.62	216.0001296	33.5474
4638.24	6252.62	217.4268984	31.1468
4638.24	6252.62	219.2099784	30.5824
4638.24	6252.62	221.3499792	25.922
4638.24	6252.62	221.7065952	34.5379
4638.24	6252.62	222.7764432	39.0581
4638.24	6252.62	223.1330592	30.0186
4638.24	6252.62	223.846596	43.4369
4638.24	6252.62	226.6998288	43.4378
4638.24	6252.62	229.1961408	40.0488
4638.24	6252.62	230.9795256	36.377
4638.24	6252.62	232.4059896	30.1628
4638.24	6252.62	233.1195264	24.372
4638.24	6252.62	235.6158384	19.7118
4638.24	6252.62	236.3293752	10.5312
4638.24	6252.62	238.4690712	8.27203
4638.24	6252.62	239.89584	17.4533
4638.24	6252.62	240.609072	41.1823
4638.24	6252.62	240.965688	34.6852
4638.24	6252.62	241.322304	45.8436
4638.24	6252.62	242.7490728	49.2338
4638.24	6252.62	246.3155376	44.7152
4638.24	6252.62	247.7420016	12.0885
4638.24	6252.62	248.0986176	26.4954
4638.24	6252.62	248.8118496	18.586
4638.24	6252.62	249.1687704	7.00421
4638.24	6252.62	252.3786192	5.73404
4638.24	6252.62	257.014932	5.59425
4638.24	6252.62	258.441396	4.88849
4638.24	6252.62	262.0081656	5.1721
4638.24	6252.62	264.8610936	6.30294
4638.24	6252.62	267.3577104	12.6597
4638.24	6252.62	268.4278632	20.2871
4638.24	6252.62	269.4977112	26.3609
4638.24	6252.62	270.2109432	25.3724
4638.24	6252.62	270.9241752	33.9885
4638.24	6252.62	271.2807912	21.9829
4638.24	6252.62	273.777408	23.9611
4638.24	6252.62	274.134024	35.8256
4638.24	6252.62	274.8475608	42.0405
4638.24	6252.62	275.2041768	46.8429
4638.24	6252.62	279.4838736	47.1268
4638.24	6252.62	279.8404896	39.3585
4638.24	6252.62	280.1971056	50.2343
4638.24	6252.62	283.40604	49.3879
4638.24	6252.62	284.119272	45.7158
4638.24	6252.62	285.902352	40.3491
4638.24	6252.62	287.328816	36.2535
4638.24	6252.62	289.47156	40.3502
4638.24	6252.62	292.324488	37.385
4638.24	6252.62	292.681104	32.3004
4638.24	6252.62	295.177416	34.9848
4638.24	6252.62	296.60388	28.2056
4638.24	6252.62	299.100192	23.9691
4638.24	6252.62	300.17004	26.5118
4638.24	6252.62	300.883272	32.7267
4638.24	6252.62	301.596504	36.5405
4638.24	6252.62	304.092816	40.0724
4638.24	6252.62	304.449432	28.3493
4638.24	6252.62	304.806048	35.694
4638.24	6252.62	306.589128	25.1014
4638.24	6252.62	308.728824	30.328
4638.24	6252.62	311.938368	21.7132
4638.24	6252.62	312.294984	24.6795
4638.24	6252.62	313.364832	18.0414
4638.24	6252.62	315.147912	21.9967
4638.24	6252.62	315.504528	25.3867
4638.24	6252.62	318.00084	21.7151
4638.24	6252.62	319.070688	26.659
4638.24	6252.62	321.213432	32.7331
4638.24	6252.62	321.570048	26.236
4638.24	6252.62	322.28328	22.1402
4638.24	6252.62	322.639896	20.0217
4638.24	6252.62	323.709744	24.1181
4638.24	6252.62	324.779592	25.2484
4638.24	6252.62	327.63252	23.6956
4638.24	6252.62	328.345752	20.7297
4638.24	6252.62	330.842064	19.0356
4638.24	6252.62	334.051608	20.3078
4638.24	6252.62	335.834688	18.0484
4638.24	6252.62	337.617768	16.4953
4638.24	6252.62	337.974384	23.2751
4638.24	6252.62	339.757464	19.1796
4638.24	6252.62	340.470696	16.355
4638.24	6252.62	341.183928	15.649
4638.24	6252.62	342.610392	16.0732
4638.24	6252.62	342.967008	14.6609
4638.24	6252.62	344.036856	18.051
4638.24	6252.62	345.106704	15.2265
4638.24	6252.62	348.316248	18.0524
4638.24	6252.62	349.386096	19.4651
4638.24	6252.62	351.169176	22.4318
4638.24	6252.62	354.025152	17.6304
4638.24	6252.62	354.381768	15.0882
4638.24	6252.62	356.87808	19.185
4638.24	6252.62	357.591312	22.4338
4638.24	6252.62	360.800856	21.7286
4638.24	6252.62	361.157472	19.7513
4638.24	6252.62	362.940552	17.3508
4638.24	6252.62	363.653784	21.1645
4638.24	6252.62	365.79348	26.5325
4638.24	6252.62	366.506712	19.0468
4638.24	6252.62	367.219944	15.0922
4638.24	6252.62	370.429488	17.4944
4638.24	6252.62	370.786104	22.8617
4638.24	6252.62	373.639032	20.0377
4638.24	6252.62	374.70888	22.0155
4638.24	6252.62	376.848576	23.0049
4638.24	6252.62	377.918424	22.299
4638.24	6252.62	379.701504	21.7346
4638.24	6252.62	381.484584	22.8651
4638.24	6252.62	383.62428	21.1708
4638.24	6252.62	385.767024	19.9003
4638.24	6252.62	387.90672	19.336
4638.24	6252.62	389.333184	21.8788
4638.24	6252.62	389.6898	24.5626
4638.24	6252.62	390.403032	27.2464
4638.24	6252.62	391.829496	27.6706
4638.24	6252.62	392.542728	31.0606
4638.24	6252.62	396.465504	24.5647
4638.24	6252.62	398.248584	22.1641
4638.24	6252.62	401.101512	25.2724
4638.24	6252.62	403.241208	23.5781
4638.24	6252.62	405.73752	20.6128
4638.24	6252.62	406.094136	18.7768
4638.24	6252.62	409.660296	22.4502
4638.24	6252.62	411.799992	21.1797
4638.24	6252.62	412.513224	18.4963
4638.24	6252.62	413.583072	15.5305
4638.24	6252.62	413.939688	13.412
4638.24	6252.62	416.079384	18.2149
4638.24	6252.62	419.648592	14.12
4638.24	6252.62	422.858136	14.686
4638.24	6252.62	424.997832	14.1217
4638.24	6252.62	426.424296	11.0148
4638.24	6252.62	426.780912	9.03753
4638.24	6252.62	429.63384	8.75594
4638.24	6252.62	432.130152	8.75673
4638.24	6252.62	433.913232	8.61604
