SBWM-2			
4			
x			
y			
z			
gamma			
long UTM	lat UTM	z	gamma
4638.24	6252.62	-8.04716424	73.6544
4638.24	6252.62	-5.90865696	76.4873
4638.24	6252.62	-3.41371656	77.1955
4638.24	6252.62	-3.05728344	70.8215
4638.24	6252.62	-3.05728344	70.8215
4638.24	6252.62	-1.2751788	66.5722
4638.24	6252.62	-0.91877616	74.3626
4638.24	6252.62	-0.2059404	77.9037
4638.24	6252.62	0.86332848	83.5694
4638.24	6252.62	3.00183576	75.0708
4638.24	6252.62	4.07110464	77.1955
4638.24	6252.62	5.8531788	92.7762
4638.24	6252.62	7.635192	82.8612
4638.24	6252.62	8.7044304	77.1955
4638.24	6252.62	10.1302848	75.0708
4638.24	6252.62	11.1995232	80.7365
4638.24	6252.62	11.9124504	71.5297
4638.24	6252.62	12.9816888	64.4476
4638.24	6252.62	14.7635496	72.9462
4638.24	6252.62	16.5457152	62.3229
4638.24	6252.62	20.1100464	57.3654
4638.24	6252.62	21.892212	71.5297
4638.24	6252.62	24.0306888	101.983
4638.24	6252.62	24.7433112	89.2351
4638.24	6252.62	25.0999272	77.1955
4638.24	6252.62	26.1691656	65.864
4638.24	6252.62	27.9513312	55.949
4638.24	6252.62	29.733192	60.1983
4638.24	6252.62	30.8024304	81.4448
4638.24	6252.62	31.1590464	67.9887
4638.24	6252.62	31.5153576	112.606
4638.24	6252.62	31.5153576	112.606
4638.24	6252.62	31.8716688	123.229
4638.24	6252.62	33.6538344	103.399
4638.24	6252.62	34.0104504	115.439
4638.24	6252.62	34.3667616	95.6091
4638.24	6252.62	34.3667616	95.6091
4638.24	6252.62	35.0796888	125.354
4638.24	6252.62	35.7923112	104.816
4638.24	6252.62	36.8615496	87.8187
4638.24	6252.62	36.8615496	87.8187
4638.24	6252.62	39.3566424	70.1133
4638.24	6252.62	39.7129536	99.8584
4638.24	6252.62	40.0695696	80.7365
4638.24	6252.62	41.138808	118.98
4638.24	6252.62	41.4951192	127.479
4638.24	6252.62	42.2080464	134.561
4638.24	6252.62	44.3465232	140.227
4638.24	6252.62	46.1286888	134.561
4638.24	6252.62	46.485	129.603
4638.24	6252.62	47.1979272	118.98
4638.24	6252.62	50.4056424	127.479
4638.24	6252.62	50.7619536	124.646
4638.24	6252.62	51.831192	118.272
4638.24	6252.62	52.5441192	123.938
4638.24	6252.62	53.6133576	131.02
4638.24	6252.62	54.682596	116.856
4638.24	6252.62	56.1084504	138.102
4638.24	6252.62	56.4647616	122.521
4638.24	6252.62	58.9595496	127.479
4638.24	6252.62	61.0983312	143.059
4638.24	6252.62	65.3752848	148.725
4638.24	6252.62	65.731596	155.807
4638.24	6252.62	66.088212	128.895
4638.24	6252.62	66.088212	128.895
4638.24	6252.62	68.583	130.312
4638.24	6252.62	68.9393112	120.397
4638.24	6252.62	69.2959272	108.357
4638.24	6252.62	70.0085496	102.691
4638.24	6252.62	71.077788	95.6091
4638.24	6252.62	71.434404	101.983
4638.24	6252.62	71.7907152	117.564
4638.24	6252.62	72.8599536	122.521
4638.24	6252.62	73.929192	128.895
4638.24	6252.62	75.3550464	132.436
4638.24	6252.62	76.780596	122.521
4638.24	6252.62	78.5627616	110.482
4638.24	6252.62	78.5627616	110.482
4638.24	6252.62	79.2756888	101.275
4638.24	6252.62	82.126788	98.4419
4638.24	6252.62	82.126788	98.4419
4638.24	6252.62	82.483404	111.19
4638.24	6252.62	83.9089536	118.98
4638.24	6252.62	84.2655696	115.439
4638.24	6252.62	84.6218808	82.153
4638.24	6252.62	85.6911192	121.105
4638.24	6252.62	85.6911192	121.105
4638.24	6252.62	86.0474304	117.564
4638.24	6252.62	86.7603576	84.9858
4638.24	6252.62	88.8988344	91.3598
4638.24	6252.62	89.9680728	94.9008
4638.24	6252.62	92.1065496	89.2351
4638.24	6252.62	92.8194768	83.5694
4638.24	6252.62	94.9579536	98.4419
4638.24	6252.62	95.3145696	138.102
4638.24	6252.62	95.3145696	138.102
4638.24	6252.62	95.6708808	150.142
4638.24	6252.62	96.027192	167.139
4638.24	6252.62	97.4530464	197.592
4638.24	6252.62	97.8093576	133.853
4638.24	6252.62	98.1656688	208.924
4638.24	6252.62	99.235212	233.003
4638.24	6252.62	99.235212	233.003
4638.24	6252.62	100.3044504	135.269
4638.24	6252.62	100.3044504	135.269
4638.24	6252.62	100.6607616	119.688
4638.24	6252.62	100.6607616	119.688
4638.24	6252.62	101.0170728	148.017
4638.24	6252.62	101.3736888	90.6516
4638.24	6252.62	101.73	167.847
4638.24	6252.62	102.4429272	79.3201
4638.24	6252.62	102.7992384	74.3626
4638.24	6252.62	104.224788	78.6119
4638.24	6252.62	105.2943312	75.0708
4638.24	6252.62	107.432808	74.3626
4638.24	6252.62	109.2146688	80.0283
4638.24	6252.62	109.5712848	88.5269
4638.24	6252.62	110.284212	83.5694
4638.24	6252.62	110.9968344	77.9037
4638.24	6252.62	112.4226888	75.779
4638.24	6252.62	113.1353112	67.9887
4638.24	6252.62	114.2045496	76.4873
4638.24	6252.62	115.273788	82.153
4638.24	6252.62	116.6996424	80.7365
4638.24	6252.62	117.4125696	74.3626
4638.24	6252.62	118.8381192	74.3626
4638.24	6252.62	119.1944304	85.6941
4638.24	6252.62	119.1944304	85.6941
4638.24	6252.62	119.5510464	146.601
4638.24	6252.62	120.2636688	223.796
4638.24	6252.62	120.976596	115.439
4638.24	6252.62	121.333212	185.552
4638.24	6252.62	121.333212	185.552
4638.24	6252.62	121.6895232	205.382
4638.24	6252.62	122.0458344	190.51
4638.24	6252.62	123.1150728	161.473
4638.24	6252.62	123.4716888	148.017
4638.24	6252.62	124.8972384	142.351
4638.24	6252.62	125.2535496	115.439
4638.24	6252.62	125.2535496	115.439
4638.24	6252.62	127.0357152	101.983
4638.24	6252.62	127.7486424	95.6091
4638.24	6252.62	128.1049536	79.3201
4638.24	6252.62	129.530808	85.6941
4638.24	6252.62	131.3126688	79.3201
4638.24	6252.62	133.4514504	77.1955
4638.24	6252.62	134.877	74.3626
4638.24	6252.62	136.6591656	87.8187
4638.24	6252.62	137.371788	74.3626
4638.24	6252.62	138.7976424	72.238
4638.24	6252.62	138.7976424	72.238
4638.24	6252.62	139.5105696	99.8584
4638.24	6252.62	140.9361192	106.232
4638.24	6252.62	142.0053576	97.0255
4638.24	6252.62	143.7875232	101.275
4638.24	6252.62	145.5696888	107.649
4638.24	6252.62	145.926	84.2776
4638.24	6252.62	146.2823112	98.4419
4638.24	6252.62	146.9952384	70.1133
4638.24	6252.62	148.0644768	66.5722
4638.24	6252.62	150.2029536	73.6544
4638.24	6252.62	151.9851192	86.4023
4638.24	6252.62	153.4106688	120.397
4638.24	6252.62	154.480212	99.1501
4638.24	6252.62	154.8365232	148.725
4638.24	6252.62	155.1928344	174.929
4638.24	6252.62	155.5494504	159.348
4638.24	6252.62	157.3313112	179.178
4638.24	6252.62	158.4005496	106.941
4638.24	6252.62	158.7571656	123.938
4638.24	6252.62	159.1134768	97.7337
4638.24	6252.62	159.826404	142.351
4638.24	6252.62	160.8956424	89.9433
4638.24	6252.62	161.9648808	105.524
4638.24	6252.62	162.677808	121.105
4638.24	6252.62	164.8162848	105.524
4638.24	6252.62	165.529212	84.9858
4638.24	6252.62	165.8855232	78.6119
4638.24	6252.62	169.8061656	72.9462
4638.24	6252.62	170.1624768	89.2351
4638.24	6252.62	174.0831192	84.2776
4638.24	6252.62	176.221596	82.153
4638.24	6252.62	177.2908344	86.4023
4638.24	6252.62	177.6474504	79.3201
4638.24	6252.62	178.7166888	87.1105
4638.24	6252.62	180.1422384	82.153
4638.24	6252.62	182.6373312	91.3598
4638.24	6252.62	182.9936424	77.1955
4638.24	6252.62	187.270596	72.238
4638.24	6252.62	189.4090728	66.5722
4638.24	6252.62	192.973404	65.864
4638.24	6252.62	194.0426424	80.7365
4638.24	6252.62	194.0426424	80.7365
4638.24	6252.62	194.7555696	63.0312
4638.24	6252.62	196.8940464	78.6119
4638.24	6252.62	197.9632848	111.898
4638.24	6252.62	198.319596	88.5269
4638.24	6252.62	198.676212	65.864
4638.24	6252.62	199.0325232	157.224
4638.24	6252.62	199.7454504	109.773
4638.24	6252.62	200.1017616	172.805
4638.24	6252.62	202.2402384	74.3626
4638.24	6252.62	203.665788	63.0312
4638.24	6252.62	206.517192	58.7819
4638.24	6252.62	207.5864304	55.949
4638.24	6252.62	209.0122848	63.0312
4638.24	6252.62	209.725212	72.9462
4638.24	6252.62	213.2892384	59.4901
4638.24	6252.62	215.7843312	61.6147
4638.24	6252.62	217.922808	58.7819
4638.24	6252.62	221.1305232	69.4051
4638.24	6252.62	221.4868344	75.779
4638.24	6252.62	222.5560728	86.4023
4638.24	6252.62	225.763788	74.3626
4638.24	6252.62	227.1896424	77.9037
4638.24	6252.62	230.0410464	67.9887
4638.24	6252.62	231.1102848	77.1955
4638.24	6252.62	233.9616888	70.1133
4638.24	6252.62	235.7435496	76.4873
4638.24	6252.62	240.7334304	69.4051
4638.24	6252.62	243.9414504	67.9887
4638.24	6252.62	247.861788	62.3229
4638.24	6252.62	252.1390464	75.779
4638.24	6252.62	257.4852384	82.153
4638.24	6252.62	262.8314304	93.4844
4638.24	6252.62	265.3265232	112.606
4638.24	6252.62	266.3957616	128.895
4638.24	6252.62	267.1086888	173.513
4638.24	6252.62	268.5342384	111.898
4638.24	6252.62	269.6034768	140.227
4638.24	6252.62	269.959788	77.1955
4638.24	6252.62	270.316404	193.343
4638.24	6252.62	270.6727152	225.921
4638.24	6252.62	271.3856424	244.334
4638.24	6252.62	272.4548808	45.3258
4638.24	6252.62	273.167808	131.02
4638.24	6252.62	273.8804304	155.099
4638.24	6252.62	274.2370464	12.0397
4638.24	6252.62	275.3062848	111.19
4638.24	6252.62	276.019212	6.37394
4638.24	6252.62	277.8010728	92.068
4638.24	6252.62	278.8703112	77.1955
4638.24	6252.62	281.720496	93.4844
4638.24	6252.62	282.433728	109.773
4638.24	6252.62	284.216808	116.856
4638.24	6252.62	284.573424	134.561
4638.24	6252.62	284.93004	154.391
4638.24	6252.62	287.423304	99.1501
4638.24	6252.62	288.136536	154.391
4638.24	6252.62	290.989464	87.1105
4638.24	6252.62	293.839344	82.153
4638.24	6252.62	297.048888	85.6941
4638.24	6252.62	299.542152	84.2776
4638.24	6252.62	302.39508	89.2351
4638.24	6252.62	304.531728	101.275
4638.24	6252.62	305.601576	125.354
4638.24	6252.62	309.164688	106.941
4638.24	6252.62	310.947768	99.8584
4638.24	6252.62	312.374232	109.065
4638.24	6252.62	312.730848	118.272
4638.24	6252.62	315.580728	101.275
4638.24	6252.62	317.363808	116.856
4638.24	6252.62	319.86012	108.357
4638.24	6252.62	322.353384	123.938
4638.24	6252.62	322.71	92.068
4638.24	6252.62	324.849696	89.2351
4638.24	6252.62	326.273112	122.521
4638.24	6252.62	327.699576	109.065
4638.24	6252.62	329.839272	145.184
4638.24	6252.62	331.97592	133.853
4638.24	6252.62	334.828848	144.476
4638.24	6252.62	335.898696	160.057
4638.24	6252.62	338.748576	182.011
4638.24	6252.62	339.105192	112.606
4638.24	6252.62	340.17504	205.382
4638.24	6252.62	340.531656	157.932
4638.24	6252.62	341.95812	241.501
4638.24	6252.62	344.094768	123.229
4638.24	6252.62	344.094768	123.229
4638.24	6252.62	344.451384	99.1501
4638.24	6252.62	349.797576	125.354
4638.24	6252.62	353.00712	116.147
4638.24	6252.62	354.07392	144.476
4638.24	6252.62	356.213616	101.275
4638.24	6252.62	357.996696	129.603
4638.24	6252.62	363.342888	87.8187
4638.24	6252.62	366.192768	126.062
4638.24	6252.62	369.75588	99.8584
4638.24	6252.62	373.32204	117.564
4638.24	6252.62	375.10512	94.1926
4638.24	6252.62	379.73808	85.6941
4638.24	6252.62	383.657808	92.068
4638.24	6252.62	385.440888	98.4419
4638.24	6252.62	386.15412	95.6091
4638.24	6252.62	388.647384	99.8584
4638.24	6252.62	391.500312	81.4448
4638.24	6252.62	392.567112	74.3626
4638.24	6252.62	393.993576	85.6941
4638.24	6252.62	394.706808	75.779
4638.24	6252.62	395.42004	72.9462
4638.24	6252.62	398.626536	77.9037
4638.24	6252.62	398.983152	93.4844
4638.24	6252.62	402.90288	73.6544
4638.24	6252.62	407.895504	84.2776
4638.24	6252.62	409.675536	92.7762
4638.24	6252.62	412.171848	102.691
4638.24	6252.62	413.241696	116.856
4638.24	6252.62	415.73496	100.567
4638.24	6252.62	418.944504	109.065
4638.24	6252.62	419.30112	118.272
4638.24	6252.62	420.36792	137.394
4638.24	6252.62	421.081152	148.017
4638.24	6252.62	423.577464	169.972
4638.24	6252.62	423.93408	180.595
4638.24	6252.62	427.853808	184.844
4638.24	6252.62	428.923656	179.178
4638.24	6252.62	429.636888	189.802
4638.24	6252.62	432.843384	184.844
