SBWM-2			
4			
x			
y			
z			
SP			
long UTM	lat UTM	z	SP
4638.24	6252.62	-9.23676816	-7.95455
4638.24	6252.62	-9.22567344	-9.51705
4638.24	6252.62	-8.49333048	-12.5
4638.24	6252.62	-6.71552352	-12.5
4638.24	6252.62	-4.20845208	-15.0568
4638.24	6252.62	-2.41750824	-16.9034
4638.24	6252.62	0.06633744	-16.1932
4638.24	6252.62	2.89466808	-13.9205
4638.24	6252.62	4.65327264	-11.2216
4638.24	6252.62	8.9019408	-8.66477
4638.24	6252.62	9.2341728	-5.39773
4638.24	6252.62	11.3482656	-2.69886
4638.24	6252.62	12.0352848	0.710227
4638.24	6252.62	13.0755672	4.40341
4638.24	6252.62	14.4898392	5.53977
4638.24	6252.62	16.6341072	3.97727
4638.24	6252.62	17.6948112	4.82955
4638.24	6252.62	18.409872	4.26136
4638.24	6252.62	19.815	6.67614
4638.24	6252.62	20.503848	9.80114
4638.24	6252.62	21.5413872	13.9205
4638.24	6252.62	23.3028264	16.1932
4638.24	6252.62	25.4303304	17.0455
4638.24	6252.62	26.519076	13.9205
4638.24	6252.62	26.5321824	12.0739
4638.24	6252.62	28.3332456	8.80682
4638.24	6252.62	29.0556216	7.24432
4638.24	6252.62	30.8231568	8.66477
4638.24	6252.62	31.1343576	14.9148
4638.24	6252.62	31.1636184	10.7955
4638.24	6252.62	31.4525688	20.1705
4638.24	6252.62	32.5404	17.1875
4638.24	6252.62	33.6303648	13.9205
4638.24	6252.62	36.4485456	17.6136
4638.24	6252.62	37.1959152	12.5
4638.24	6252.62	38.9668032	13.4943
4638.24	6252.62	39.691008	11.6477
4638.24	6252.62	42.1425144	16.9034
4638.24	6252.62	42.1565352	14.9148
4638.24	6252.62	44.2608744	19.0341
4638.24	6252.62	47.4606648	19.0341
4638.24	6252.62	48.5344752	18.0398
4638.24	6252.62	50.6497872	20.5966
4638.24	6252.62	53.1314688	21.5909
4638.24	6252.62	57.035652	22.5852
4638.24	6252.62	59.1567552	24.2898
4638.24	6252.62	62.002368	24.1477
4638.24	6252.62	64.4944128	23.7216
4638.24	6252.62	65.5569456	24.2898
4638.24	6252.62	67.7042616	22.3011
4638.24	6252.62	68.4113976	22.8693
4638.24	6252.62	69.844872	21.3068
4638.24	6252.62	74.814636	22.4432
4638.24	6252.62	74.8256088	20.8807
4638.24	6252.62	77.318568	20.3125
4638.24	6252.62	78.7499088	19.0341
4638.24	6252.62	80.535732	17.8977
4638.24	6252.62	83.3731152	18.892
4638.24	6252.62	85.5155544	17.6136
4638.24	6252.62	88.37214	15.9091
4638.24	6252.62	90.8672328	15.0568
4638.24	6252.62	91.1964168	18.75
4638.24	6252.62	93.7037016	16.1932
4638.24	6252.62	96.9077592	15.625
4638.24	6252.62	100.1157792	14.4886
4638.24	6252.62	101.1825792	14.4886
4638.24	6252.62	104.0431272	12.2159
4638.24	6252.62	107.6129448	10.2273
4638.24	6252.62	110.112	8.80682
4638.24	6252.62	111.5067648	12.642
4638.24	6252.62	111.5189568	10.9375
4638.24	6252.62	111.8764872	10.6534
4638.24	6252.62	114.703812	13.0682
4638.24	6252.62	115.435332	10.2273
4638.24	6252.62	117.226032	8.38068
4638.24	6252.62	117.8968968	14.0625
4638.24	6252.62	120.3724824	15.9091
4638.24	6252.62	121.1250336	10.0852
4638.24	6252.62	123.6030576	11.6477
4638.24	6252.62	125.0130624	13.3523
4638.24	6252.62	126.8132112	10.2273
4638.24	6252.62	128.8989576	16.9034
4638.24	6252.62	129.9444216	19.8864
4638.24	6252.62	132.8162472	16.0511
4638.24	6252.62	133.546548	13.3523
4638.24	6252.62	137.0919816	14.7727
4638.24	6252.62	138.507168	15.767
4638.24	6252.62	139.9040664	19.3182
4638.24	6252.62	142.3961112	18.892
4638.24	6252.62	143.4848568	15.767
4638.24	6252.62	148.4658984	15.3409
4638.24	6252.62	155.5841976	14.3466
4638.24	6252.62	161.2629264	15.767
4638.24	6252.62	166.2457968	15.0568
4638.24	6252.62	169.8156144	13.0682
4638.24	6252.62	175.1630256	11.0795
4638.24	6252.62	179.447904	8.52273
4638.24	6252.62	185.4914784	8.66477
4638.24	6252.62	190.8318792	7.67045
4638.24	6252.62	193.3156944	8.38068
4638.24	6252.62	194.7430728	7.67045
4638.24	6252.62	201.8632008	6.39205
4638.24	6252.62	208.6300656	4.82955
4638.24	6252.62	215.030256	4.82955
4638.24	6252.62	215.7453168	4.26136
4638.24	6252.62	219.6482808	5.39773
4638.24	6252.62	224.9737464	6.53409
4638.24	6252.62	227.808996	7.8125
4638.24	6252.62	235.2829968	6.81818
4638.24	6252.62	239.9092512	6.25
4638.24	6252.62	245.6050488	5.25568
4638.24	6252.62	247.747488	3.97727
4638.24	6252.62	252.366732	4.40341
4638.24	6252.62	256.6284456	5.11364
4638.24	6252.62	260.5304952	6.39205
4638.24	6252.62	261.5811408	8.66477
4638.24	6252.62	262.2852288	9.65909
4638.24	6252.62	268.6893816	9.09091
4638.24	6252.62	275.8146912	7.10227
4638.24	6252.62	276.1892904	4.40341
4638.24	6252.62	281.872896	5.11364
4638.24	6252.62	286.502808	4.11932
4638.24	6252.62	297.16776	4.26136
4638.24	6252.62	298.9356	5.82386
4638.24	6252.62	303.208896	4.97159
4638.24	6252.62	309.61884	3.40909
4638.24	6252.62	312.1182	2.13068
4638.24	6252.62	314.977224	-0.284091
4638.24	6252.62	317.089488	2.69886
4638.24	6252.62	322.789248	1.5625
4638.24	6252.62	327.056448	1.13636
4638.24	6252.62	328.830384	1.98864
4638.24	6252.62	328.83648	0.994318
4638.24	6252.62	330.963984	1.98864
4638.24	6252.62	333.807768	1.70455
4638.24	6252.62	337.008168	1.84659
4638.24	6252.62	340.217712	0.568182
4638.24	6252.62	340.568232	1.27841
4638.24	6252.62	343.783872	-1.13636
4638.24	6252.62	344.872008	-3.97727
4638.24	6252.62	345.60048	-6.53409
4638.24	6252.62	348.121176	-10.9375
4638.24	6252.62	353.482608	-14.9148
4638.24	6252.62	357.097536	-23.0114
4638.24	6252.62	357.82296	24.7159
4638.24	6252.62	360.361944	17.7557
4638.24	6252.62	362.53212	12.7841
4638.24	6252.62	364.333488	9.23295
4638.24	6252.62	365.781288	5.82386
4638.24	6252.62	369.353544	3.26705
4638.24	6252.62	369.716256	2.27273
4638.24	6252.62	373.614648	4.26136
4638.24	6252.62	377.174712	3.26705
4638.24	6252.62	381.4602	0.710227
4638.24	6252.62	385.379928	-0.568182
4638.24	6252.62	392.146488	-1.70455
4638.24	6252.62	393.923472	-1.84659
4638.24	6252.62	397.459152	0.994318
4638.24	6252.62	398.900856	-1.5625
4638.24	6252.62	400.302936	1.13636
4638.24	6252.62	402.771816	4.11932
4638.24	6252.62	406.645824	9.23295
4638.24	6252.62	407.68824	12.642
4638.24	6252.62	409.09032	15.1989
4638.24	6252.62	411.5592	18.1818
4638.24	6252.62		
4638.24	6252.62		
4638.24	6252.62		
4638.24	6252.62		
4638.24	6252.62		
4638.24	6252.62		
4638.24	6252.62		
4638.24	6252.62		
4638.24	6252.62		
4638.24	6252.62		
4638.24	6252.62		
4638.24	6252.62		
4638.24	6252.62		
4638.24	6252.62		
4638.24	6252.62		
4638.24	6252.62		
4638.24	6252.62		
4638.24	6252.62		
4638.24	6252.62		
4638.24	6252.62		
4638.24	6252.62		
4638.24	6252.62		
4638.24	6252.62		
4638.24	6252.62		
4638.24	6252.62		
4638.24	6252.62		
4638.24	6252.62		
4638.24	6252.62		
4638.24	6252.62		
4638.24	6252.62		
4638.24	6252.62		
4638.24	6252.62		
4638.24	6252.62		
4638.24	6252.62		
4638.24	6252.62		
4638.24	6252.62		
4638.24	6252.62		
4638.24	6252.62		
4638.24	6252.62		
4638.24	6252.62		
4638.24	6252.62		
4638.24	6252.62		
4638.24	6252.62		
4638.24	6252.62		
4638.24	6252.62		
4638.24	6252.62		
4638.24	6252.62		
4638.24	6252.62		
4638.24	6252.62		
4638.24	6252.62		
4638.24	6252.62		
4638.24	6252.62		
4638.24	6252.62		
4638.24	6252.62		
4638.24	6252.62		
4638.24	6252.62		
4638.24	6252.62		
4638.24	6252.62		
4638.24	6252.62		
4638.24	6252.62		
4638.24	6252.62		
4638.24	6252.62		
4638.24	6252.62		
4638.24	6252.62		
4638.24	6252.62		
4638.24	6252.62		
4638.24	6252.62		
4638.24	6252.62		
4638.24	6252.62		
4638.24	6252.62		
4638.24	6252.62		
4638.24	6252.62		
4638.24	6252.62		
4638.24	6252.62		
4638.24	6252.62		
4638.24	6252.62		
4638.24	6252.62		
4638.24	6252.62		
4638.24	6252.62		
4638.24	6252.62		
4638.24	6252.62		
4638.24	6252.62		
4638.24	6252.62		
4638.24	6252.62		
4638.24	6252.62		
4638.24	6252.62		
4638.24	6252.62		
4638.24	6252.62		
4638.24	6252.62		
4638.24	6252.62		
4638.24	6252.62		
4638.24	6252.62		
4638.24	6252.62		
4638.24	6252.62		
4638.24	6252.62		
4638.24	6252.62		
4638.24	6252.62		
4638.24	6252.62		
4638.24	6252.62		
4638.24	6252.62		
4638.24	6252.62		
4638.24	6252.62		
4638.24	6252.62		
4638.24	6252.62		
4638.24	6252.62		
4638.24	6252.62		
4638.24	6252.62		
4638.24	6252.62		
4638.24	6252.62		
4638.24	6252.62		
4638.24	6252.62		
4638.24	6252.62		
4638.24	6252.62		
4638.24	6252.62		
4638.24	6252.62		
4638.24	6252.62		
4638.24	6252.62		
4638.24	6252.62		
4638.24	6252.62		
4638.24	6252.62		
4638.24	6252.62		
4638.24	6252.62		
4638.24	6252.62		
4638.24	6252.62		
4638.24	6252.62		
4638.24	6252.62		
4638.24	6252.62		
4638.24	6252.62		
4638.24	6252.62		
4638.24	6252.62		
4638.24	6252.62		
4638.24	6252.62		
4638.24	6252.62		
4638.24	6252.62		
4638.24	6252.62		
4638.24	6252.62		
4638.24	6252.62		
4638.24	6252.62		
4638.24	6252.62		
4638.24	6252.62		
4638.24	6252.62		
4638.24	6252.62		
4638.24	6252.62		
4638.24	6252.62		
4638.24	6252.62		
4638.24	6252.62		
4638.24	6252.62		
4638.24	6252.62		
4638.24	6252.62		
4638.24	6252.62		
4638.24	6252.62		
4638.24	6252.62		
4638.24	6252.62		
4638.24	6252.62		
4638.24	6252.62		
4638.24	6252.62		
4638.24	6252.62		
4638.24	6252.62		
4638.24	6252.62		
4638.24	6252.62		
4638.24	6252.62		
4638.24	6252.62		
4638.24	6252.62		
4638.24	6252.62		
4638.24	6252.62		
4638.24	6252.62		
4638.24	6252.62		
4638.24	6252.62		
4638.24	6252.62		
4638.24	6252.62		
4638.24	6252.62		
4638.24	6252.62		
4638.24	6252.62		
4638.24	6252.62		
4638.24	6252.62		
4638.24	6252.62		
4638.24	6252.62		
4638.24	6252.62		
4638.24	6252.62		
4638.24	6252.62		
4638.24	6252.62		
4638.24	6252.62		
4638.24	6252.62		
4638.24	6252.62		
4638.24	6252.62		
4638.24	6252.62		
4638.24	6252.62		
4638.24	6252.62		
4638.24	6252.62		
4638.24	6252.62		
4638.24	6252.62		
4638.24	6252.62		
4638.24	6252.62		
4638.24	6252.62		
4638.24	6252.62		
4638.24	6252.62		
4638.24	6252.62		
4638.24	6252.62		
4638.24	6252.62		
4638.24	6252.62		
4638.24	6252.62		
4638.24	6252.62		
4638.24	6252.62		
4638.24	6252.62		
4638.24	6252.62		
4638.24	6252.62		
4638.24	6252.62		
4638.24	6252.62		
4638.24	6252.62		
4638.24	6252.62		
4638.24	6252.62		
4638.24	6252.62		
4638.24	6252.62		
4638.24	6252.62		
4638.24	6252.62		
4638.24	6252.62		
4638.24	6252.62		
4638.24	6252.62		
4638.24	6252.62		
4638.24	6252.62		
4638.24	6252.62		
4638.24	6252.62		
4638.24	6252.62		
