SBWM-4			
4			
x			
y			
z			
64 inch			
x UTM	y UTM	z	64 inch
3739.21	4420.8	-8.15449048	3.96972
3739.21	4420.8	-7.68482416	8.50252
3739.21	4420.8	-6.51064312	14.1688
3739.21	4420.8	-4.16231152	17.4277
3739.21	4420.8	-0.8746168	16.2962
3739.21	4420.8	0.76920008	11.0561
3739.21	4420.8	3.11756216	7.5162
3739.21	4420.8	6.6400748	49.5859
3739.21	4420.8	7.10974112	44.9119
3739.21	4420.8	7.57940744	39.9546
3739.21	4420.8	8.28389168	35.7056
3739.21	4420.8	9.2231024	30.7486
3739.21	4420.8	9.9278	25.9331
3739.21	4420.8	12.2759792	20.5517
3739.21	4420.8	14.3894624	17.5783
3739.21	4420.8	14.6244632	16.0203
3739.21	4420.8	16.2682496	16.7293
3739.21	4420.8	17.2076432	14.8884
3739.21	4420.8	18.1470368	13.8973
3739.21	4420.8	20.9649128	12.4823
3739.21	4420.8	22.6086992	11.4915
3739.21	4420.8	26.6009696	9.79373
3739.21	4420.8	27.7750592	9.65265
3739.21	4420.8	29.4188456	9.93673
3739.21	4420.8	31.0629368	11.6372
3739.21	4420.8	31.7673296	13.7622
3739.21	4420.8	33.411116	19.0038
3739.21	4420.8	35.0549024	15.4635
3739.21	4420.8	36.9336896	11.64
3739.21	4420.8	37.6380824	9.79902
3739.21	4420.8	40.92596	9.37567
3739.21	4420.8	42.1000496	13.2006
3739.21	4420.8	43.743836	17.5923
3739.21	4420.8	46.09232	21.2762
3739.21	4420.8	48.4404992	22.4104
3739.21	4420.8	50.7889832	23.9696
3739.21	4420.8	52.6674656	27.9365
3739.21	4420.8	54.076556	29.6369
3739.21	4420.8	55.7203424	24.2553
3739.21	4420.8	55.9553432	22.2724
3739.21	4420.8	58.7732192	21.8488
3739.21	4420.8	62.060792	23.975
3739.21	4420.8	63.0001856	19.4429
3739.21	4420.8	65.3486696	21.1437
3739.21	4420.8	66.5227592	27.9432
3739.21	4420.8	68.4015464	25.2529
3739.21	4420.8	69.3406352	36.868
3739.21	4420.8	70.0453328	34.1772
3739.21	4420.8	70.7497256	28.9367
3739.21	4420.8	70.9847264	22.8462
3739.21	4420.8	72.158816	16.7561
3739.21	4420.8	73.0982096	14.6319
3739.21	4420.8	74.5069952	17.0405
3739.21	4420.8	74.976692	21.9982
3739.21	4420.8	75.6813896	29.6473
3739.21	4420.8	75.9160856	35.5964
3739.21	4420.8	76.1507816	41.9704
3739.21	4420.8	76.8554792	44.8036
3739.21	4420.8	77.559872	41.8295
3739.21	4420.8	78.9689624	45.5129
3739.21	4420.8	80.6127488	42.5392
3739.21	4420.8	81.3171416	39.1401
3739.21	4420.8	81.5521424	34.466
3739.21	4420.8	81.7868384	29.6502
3739.21	4420.8	84.3700184	32.201
3739.21	4420.8	84.8397152	36.1672
3739.21	4420.8	85.309412	42.2581
3739.21	4420.8	86.0138048	46.791
3739.21	4420.8	87.657896	49.7663
3739.21	4420.8	88.1275928	46.792
3739.21	4420.8	90.241076	47.3596
3739.21	4420.8	90.7107728	42.1191
3739.21	4420.8	91.1801648	36.7369
3739.21	4420.8	91.8848624	33.621
3739.21	4420.8	93.058952	31.072
3739.21	4420.8	94.2330416	28.523
3739.21	4420.8	96.3465248	31.3569
3739.21	4420.8	96.8162216	27.9577
3739.21	4420.8	98.225312	27.6751
3739.21	4420.8	98.460008	24.1341
3739.21	4420.8	99.8690984	20.0271
3739.21	4420.8	100.1040992	18.3275
3739.21	4420.8	101.043188	16.0617
3739.21	4420.8	102.6872792	14.9293
3739.21	4420.8	104.8007624	19.7462
3739.21	4420.8	105.740156	22.7212
3739.21	4420.8	105.974852	17.4805
3739.21	4420.8	106.4445488	15.0728
3739.21	4420.8	108.3230312	15.4986
3739.21	4420.8	109.9671224	14.083
3739.21	4420.8	111.141212	20.5991
3739.21	4420.8	112.3153016	23.4325
3739.21	4420.8	113.4893912	24.283
3739.21	4420.8	114.4287848	21.1673
3739.21	4420.8	115.8378752	24.5674
3739.21	4420.8	116.542268	23.5762
3739.21	4420.8	117.2469656	27.5425
3739.21	4420.8	119.125448	30.9429
3739.21	4420.8	119.8301456	36.0424
3739.21	4420.8	121.0042352	43.9749
3739.21	4420.8	121.2389312	40.2923
3739.21	4420.8	122.8830224	46.5254
3739.21	4420.8	123.3524144	48.6503
3739.21	4420.8	125.4662024	45.5351
3739.21	4420.8	125.9355944	48.3682
3739.21	4420.8	128.5187744	42.7038
3739.21	4420.8	129.223472	37.4633
3739.21	4420.8	129.6931688	28.6817
3739.21	4420.8	130.8672584	19.4754
3739.21	4420.8	132.2763488	20.8925
3739.21	4420.8	133.4504384	27.5503
3739.21	4420.8	134.624528	33.3582
3739.21	4420.8	135.5639216	37.4663
3739.21	4420.8	137.4427088	41.9998
3739.21	4420.8	139.3211912	45.6834
3739.21	4420.8	140.2605848	46.9587
3739.21	4420.8	141.6696752	47.101
3739.21	4420.8	142.374068	43.9852
3739.21	4420.8	143.0787656	40.7277
3739.21	4420.8	145.1922488	41.437
3739.21	4420.8	145.8966416	39.3126
3739.21	4420.8	147.7754288	39.7385
3739.21	4420.8	149.6539112	39.3144
3739.21	4420.8	151.2976976	37.7572
3739.21	4420.8	153.1764848	37.3331
3739.21	4420.8	153.8808776	41.4411
3739.21	4420.8	155.5249688	46.966
3739.21	4420.8	157.1687552	49.9413
3739.21	4420.8	159.5169344	48.6676
3739.21	4420.8	161.3957216	40.7365
3739.21	4420.8	161.8654184	35.2126
3739.21	4420.8	163.9789016	27.8482
3739.21	4420.8	165.857384	23.4582
3739.21	4420.8	167.0317784	18.9262
3739.21	4420.8	169.1452616	19.3521
3739.21	4420.8	170.5540472	23.3188
3739.21	4420.8	171.2587448	30.5429
3739.21	4420.8	171.7284416	42.5828
3739.21	4420.8	172.4328344	48.5322
3739.21	4420.8	172.9025312	49.9488
3739.21	4420.8	175.0160144	49.1
3739.21	4420.8	175.955408	38.6188
3739.21	4420.8	176.190104	44.7096
3739.21	4420.8	178.538588	17.0903
3739.21	4420.8	179.9476784	12.9833
3739.21	4420.8	183.0002504	10.7185
3739.21	4420.8	187.4622176	9.72916
3739.21	4420.8	190.0453976	10.0137
3739.21	4420.8	191.9241848	11.2894
3739.21	4420.8	193.0982744	15.8225
3739.21	4420.8	195.9161504	22.6227
3739.21	4420.8	197.3252408	30.1305
3739.21	4420.8	197.7949376	34.8049
3739.21	4420.8	198.2646344	44.012
3739.21	4420.8	199.204028	47.1285
3739.21	4420.8	200.6128136	48.5457
3739.21	4420.8	202.2569048	41.8892
3739.21	4420.8	202.7266016	36.9319
3739.21	4420.8	204.370388	35.7996
3739.21	4420.8	206.7185672	34.2426
3739.21	4420.8	207.8926568	35.0931
3739.21	4420.8	209.3017472	33.6773
3739.21	4420.8	210.7108376	35.236
3739.21	4420.8	212.119928	36.0866
3739.21	4420.8	214.4681072	39.4871
3739.21	4420.8	215.8771976	40.7626
3739.21	4420.8	217.9906808	38.4973
3739.21	4420.8	220.104164	37.2235
3739.21	4420.8	222.452648	36.2332
3739.21	4420.8	224.3311304	35.8091
3739.21	4420.8	226.2099176	33.827
3739.21	4420.8	230.9065808	32.5545
3739.21	4420.8	234.4291544	32.1313
3739.21	4420.8	236.5426376	33.4071
3739.21	4420.8	238.6561208	31.4251
3739.21	4420.8	241.9436936	32.1349
3739.21	4420.8	243.1177832	34.4017
3739.21	4420.8	245.2312664	38.3687
3739.21	4420.8	247.5797504	39.503
3739.21	4420.8	249.2235368	34.6879
3739.21	4420.8	250.1629304	30.0142
3739.21	4420.8	252.7461104	31.0069
3739.21	4420.8	254.3898968	34.2655
3739.21	4420.8	256.7383808	32.5669
3739.21	4420.8	258.6168632	29.8766
3739.21	4420.8	258.851864	26.9022
3739.21	4420.8	260.4956504	21.8038
3739.21	4420.8	263.0788304	16.8475
3739.21	4420.8	268.2451904	15.0087
3739.21	4420.8	271.5327632	16.0017
3739.21	4420.8	275.2900328	12.4625
3739.21	4420.8	278.8126064	11.7559
3739.21	4420.8	279.517304	12.8894
