SBWM-1			
4			
x			
y			
z			
64 inch			
x UTM	y UTM	z	64 inch
5128.45	6931.41	-20.42158056	51.1103
5128.45	6931.41	-20.42158056	51.1103
5128.45	6931.41	-19.74477216	37.3303
5128.45	6931.41	-19.74477216	37.3303
5128.45	6931.41	-19.4063832	53.4068
5128.45	6931.41	-19.06796376	58.8566
5128.45	6931.41	-18.72954432	63.489
5128.45	6931.41	-17.03750808	70.0295
5128.45	6931.41	-16.02231072	80.6569
5128.45	6931.41	-14.66866344	85.0174
5128.45	6931.41	-13.99185504	87.1976
5128.45	6931.41	-12.63823824	84.2012
5128.45	6931.41	-11.6230104	76.5724
5128.45	6931.41	-10.946202	72.2131
5128.45	6931.41	-10.60778256	67.0362
5128.45	6931.41	-10.26936312	58.5896
5128.45	6931.41	-10.26936312	58.5896
5128.45	6931.41	-9.59255472	48.7807
5128.45	6931.41	-8.91574632	44.4215
5128.45	6931.41	-6.54690168	35.9761
5128.45	6931.41	-3.5013096	31.3458
5128.45	6931.41	-2.1476928	27.5319
5128.45	6931.41	-1.132404	22.3554
5128.45	6931.41	-0.4554432	18.2686
5128.45	6931.41	0.8981736	15.2722
5128.45	6931.41	1.9131576	11.4581
5128.45	6931.41	2.5901184	99.4694
5128.45	6931.41	3.2667744	93.7478
5128.45	6931.41	3.6054072	89.9333
5128.45	6931.41	3.9437352	85.8463
5128.45	6931.41	4.959024	79.3074
5128.45	6931.41	5.63568	69.4986
5128.45	6931.41	6.3126408	64.8668
5128.45	6931.41	7.3279296	58.0555
5128.45	6931.41	9.0198744	52.8794
5128.45	6931.41	9.6965304	47.4302
5128.45	6931.41	11.38878	41.4367
5128.45	6931.41	12.7423968	34.898
5128.45	6931.41	14.4343416	29.722
5128.45	6931.41	15.7879584	26.7255
5128.45	6931.41	17.1415752	22.0942
5128.45	6931.41	20.1874416	19.0988
5128.45	6931.41	23.5713312	16.1036
5128.45	6931.41	27.9705096	13.1091
5128.45	6931.41	31.693032	10.659
5128.45	6931.41	36.0925152	9.57184
5128.45	6931.41	40.4916936	8.48463
5128.45	6931.41	45.9061608	8.21549
5128.45	6931.41	49.2903552	7.12766
5128.45	6931.41	53.3512056	5.76776
5128.45	6931.41	60.4576176	4.68223
5128.45	6931.41	64.18014	4.68452
5128.45	6931.41	68.5796232	5.77715
5128.45	6931.41	70.9485288	5.50613
5128.45	6931.41	74.6707464	5.78091
5128.45	6931.41	78.3932688	6.87312
5128.45	6931.41	83.807736	7.14894
5128.45	6931.41	85.8383136	7.96763
5128.45	6931.41	89.560836	6.33505
5128.45	6931.41	94.2986472	6.33797
5128.45	6931.41	97.3442088	6.33984
5128.45	6931.41	99.7131144	7.97618
5128.45	6931.41	100.7280984	9.88416
5128.45	6931.41	101.7433872	11.5197
5128.45	6931.41	104.1122928	13.156
5128.45	6931.41	105.8042376	15.0644
5128.45	6931.41	107.4964872	17.5178
5128.45	6931.41	107.8348152	21.3327
5128.45	6931.41	111.2190096	18.3375
5128.45	6931.41	112.9109544	19.156
5128.45	6931.41	114.6028992	22.9717
5128.45	6931.41	114.9412272	25.6967
5128.45	6931.41	115.956516	22.9726
5128.45	6931.41	117.6484608	22.7011
5128.45	6931.41	118.3254216	24.3364
5128.45	6931.41	119.0023824	23.2469
5128.45	6931.41	120.3559992	26.5175
5128.45	6931.41	122.047944	23.7938
5128.45	6931.41	122.7246	21.6143
5128.45	6931.41	123.7398888	29.5169
5128.45	6931.41	125.7704664	23.7961
5128.45	6931.41	127.4624112	22.1622
5128.45	6931.41	128.816028	17.8034
5128.45	6931.41	129.8313168	15.8967
5128.45	6931.41	131.5232616	21.3473
5128.45	6931.41	132.8768784	22.438
5128.45	6931.41	134.907456	25.7091
5128.45	6931.41	136.5994008	24.0752
5128.45	6931.41	138.2913456	27.891
5128.45	6931.41	139.9835952	25.4397
5128.45	6931.41	142.6908288	21.0817
5128.45	6931.41	145.0597344	16.451
5128.45	6931.41	147.766968	18.36
5128.45	6931.41	148.781952	14.2735
5128.45	6931.41	150.1355688	15.9092
5128.45	6931.41	152.1661464	9.91588
5128.45	6931.41	152.8431072	6.91902
5128.45	6931.41	154.535052	3.92279
5128.45	6931.41	156.5653248	2.01668
5128.45	6931.41	160.2878472	1.7465
5128.45	6931.41	162.9950808	3.38304
5128.45	6931.41	163.6720416	1.4761
5128.45	6931.41	167.732892	1.75109
5128.45	6931.41	171.1170864	0.935736
5128.45	6931.41	172.8090312	2.0267
5128.45	6931.41	174.162648	2.02753
5128.45	6931.41	175.8545928	4.75337
5128.45	6931.41	176.8698816	6.38887
5128.45	6931.41	177.8851704	5.0271
5128.45	6931.41	179.9154432	5.84579
5128.45	6931.41	181.6076928	5.0294
5128.45	6931.41	183.6379656	3.94073
5128.45	6931.41	186.3451992	7.75711
5128.45	6931.41	187.02216	11.8447
5128.45	6931.41	187.360488	14.2972
5128.45	6931.41	189.0524328	13.2084
5128.45	6931.41	191.0830104	14.2995
5128.45	6931.41	194.128572	13.2115
5128.45	6931.41	195.8208216	14.3025
5128.45	6931.41	197.8510944	17.0285
5128.45	6931.41	198.8663832	19.4815
5128.45	6931.41	200.8969608	17.3029
5128.45	6931.41	201.5736168	14.0335
5128.45	6931.41	201.9119448	9.94655
5128.45	6931.41	203.2655616	7.22259
5128.45	6931.41	205.9727952	6.40682
5128.45	6931.41	209.0186616	6.95365
5128.45	6931.41	210.3722784	5.31961
5128.45	6931.41	212.741184	6.68347
5128.45	6931.41	214.4331288	6.13955
5128.45	6931.41	215.7867456	8.5927
5128.45	6931.41	216.4634016	11.8629
5128.45	6931.41	217.4786904	15.4057
5128.45	6931.41	219.17094	17.3141
5128.45	6931.41	221.5395408	22.7652
5128.45	6931.41	222.2165016	25.2179
5128.45	6931.41	223.2317904	29.0333
5128.45	6931.41	223.9084464	32.031
5128.45	6931.41	227.2926408	27.4009
5128.45	6931.41	228.9845856	26.0395
5128.45	6931.41	229.3229136	22.225
5128.45	6931.41	230.3382024	18.4109
5128.45	6931.41	232.0301472	15.6872
5128.45	6931.41	235.0760136	13.2367
5128.45	6931.41	238.1215752	14.8735
5128.45	6931.41	241.5057696	17.0554
5128.45	6931.41	243.8746752	18.4193
5128.45	6931.41	245.56662	9.15602
5128.45	6931.41	248.2738536	7.25033
5128.45	6931.41	250.3044312	12.4287
5128.45	6931.41	250.9810872	16.5163
5128.45	6931.41	253.3499928	23.3298
5128.45	6931.41	255.0419376	27.6905
5128.45	6931.41	258.76446	29.3276
5128.45	6931.41	261.1333656	30.964
5128.45	6931.41	264.1789272	38.3228
5128.45	6931.41	264.855888	43.7728
5128.45	6931.41	268.5784104	42.4127
5128.45	6931.41	268.915824	37.7808
5128.45	6931.41	270.945792	33.6948
5128.45	6931.41	272.302152	27.7011
5128.45	6931.41	273.317136	20.3448
5128.45	6931.41	273.993792	15.4406
5128.45	6931.41	276.362088	8.90253
5128.45	6931.41	278.392056	12.991
5128.45	6931.41	279.068712	17.0786
5128.45	6931.41	279.40704	23.3458
5128.45	6931.41	279.745368	29.8855
5128.45	6931.41	281.09868	35.6084
5128.45	6931.41	283.466976	20.6235
5128.45	6931.41	284.143632	32.8855
5128.45	6931.41	284.823336	11.0876
5128.45	6931.41	286.514976	6.45647
5128.45	6931.41	289.559928	4.55099
5128.45	6931.41	294.634848	3.4642
5128.45	6931.41	299.03616	1.83204
5128.45	6931.41	303.772752	4.55976
5128.45	6931.41	305.126064	10.5551
5128.45	6931.41	307.156032	22.273
5128.45	6931.41	308.509344	26.361
5128.45	6931.41	311.557344	36.9896
5128.45	6931.41	311.895672	27.998
5128.45	6931.41	312.910656	47.0722
5128.45	6931.41	313.248984	56.3367
5128.45	6931.41	314.263968	64.7842
5128.45	6931.41	314.602296	69.1441
5128.45	6931.41	315.955608	36.4474
5128.45	6931.41	316.293936	54.4312
5128.45	6931.41	316.632264	62.0609
5128.45	6931.41	316.970592	44.6224
5128.45	6931.41	317.647248	31.5438
5128.45	6931.41	319.338888	35.9045
5128.45	6931.41	320.353872	30.1831
5128.45	6931.41	323.7402	29.6402
5128.45	6931.41	324.416856	33.7278
5128.45	6931.41	327.461808	23.9204
5128.45	6931.41	331.183416	21.7429
5128.45	6931.41	332.875056	23.6513
5128.45	6931.41	334.905024	19.8378
5128.45	6931.41	335.920008	22.5632
5128.45	6931.41	338.62968	22.0199
5128.45	6931.41	339.644664	20.3857
5128.45	6931.41	342.01296	19.5697
5128.45	6931.41	343.366272	22.2953
5128.45	6931.41	345.734568	23.6592
5128.45	6931.41	347.08788	21.7527
5128.45	6931.41	350.474208	18.2125
5128.45	6931.41	351.82752	15.4886
5128.45	6931.41	353.857488	11.4026
5128.45	6931.41	355.549128	21.7579
5128.45	6931.41	357.240768	15.2194
5128.45	6931.41	359.609064	21.4879
5128.45	6931.41	361.639032	22.0341
5128.45	6931.41	362.654016	17.9476
5128.45	6931.41	364.687032	18.4938
