SBWM-1			
4			
x			
y			
z			
gamma			
x UTM	y UTM	z	gamma
5128.45	6931.41	-20.48921568	32.7871
5128.45	6931.41	-20.0969076	35.4103
5128.45	6931.41	-18.901482	38.6899
5128.45	6931.41	-18.10628928	41.3134
5128.45	6931.41	-15.69428496	42.6267
5128.45	6931.41	-12.47785248	44.2684
5128.45	6931.41	-8.04883416	44.9275
5128.45	6931.41	-6.4452204	46.8959
5128.45	6931.41	-4.4400936	49.1924
5128.45	6931.41	-2.4284136	49.8497
5128.45	6931.41	-0.8090112	47.8837
5128.45	6931.41	2.019228	45.9185
5128.45	6931.41	5.2370016	47.2324
5128.45	6931.41	6.8378112	49.8565
5128.45	6931.41	7.6622952	45.267
5128.45	6931.41	8.8799712	42.9728
5128.45	6931.41	10.0991712	40.3508
5128.45	6931.41	11.3159328	38.3845
5128.45	6931.41	13.3340136	37.4023
5128.45	6931.41	14.5376688	38.7147
5128.45	6931.41	16.5651984	35.4375
5128.45	6931.41	18.9901872	33.4721
5128.45	6931.41	21.4127376	32.1624
5128.45	6931.41	22.2238104	30.8516
5128.45	6931.41	25.4376216	33.149
5128.45	6931.41	27.0439176	34.4617
5128.45	6931.41	29.864232	34.4638
5128.45	6931.41	36.3089232	34.7964
5128.45	6931.41	38.3154216	36.7651
5128.45	6931.41	40.320396	39.0617
5128.45	6931.41	43.1498544	36.7687
5128.45	6931.41	45.575148	34.8033
5128.45	6931.41	47.9897736	35.4608
5128.45	6931.41	50.3964744	38.0856
5128.45	6931.41	52.4081544	38.7428
5128.45	6931.41	55.2245064	39.7285
5128.45	6931.41	56.8384224	39.074
5128.45	6931.41	59.6547744	40.0597
5128.45	6931.41	61.2622896	41.0445
5128.45	6931.41	64.0890048	39.4072
5128.45	6931.41	65.2950984	40.0638
5128.45	6931.41	66.489	43.6713
5128.45	6931.41	67.6804632	47.9345
5128.45	6931.41	68.0437848	57.7708
5128.45	6931.41	68.4269184	62.6891
5128.45	6931.41	68.4677616	52.5252
5128.45	6931.41	69.6156384	67.608
5128.45	6931.41	71.2152288	70.56
5128.45	6931.41	73.6261968	72.2012
5128.45	6931.41	76.0328976	74.8259
5128.45	6931.41	77.6523	72.8599
5128.45	6931.41	80.4750528	72.2062
5128.45	6931.41	82.0892736	71.5517
5128.45	6931.41	83.3069496	69.2575
5128.45	6931.41	86.5381344	67.2927
5128.45	6931.41	88.9500168	68.606
5128.45	6931.41	91.3618992	69.9192
5128.45	6931.41	93.7938984	66.3145
5128.45	6931.41	95.0012112	66.6433
5128.45	6931.41	95.8186848	63.693
5128.45	6931.41	97.0339224	62.0546
5128.45	6931.41	100.2611448	61.0734
5128.45	6931.41	101.4629712	62.7136
5128.45	6931.41	102.2581944	65.3372
5128.45	6931.41	103.4575824	67.6331
5128.45	6931.41	104.256768	69.2731
5128.45	6931.41	106.6845	66.6519
5128.45	6931.41	109.5087768	65.6704
5128.45	6931.41	110.7279768	63.0484
5128.45	6931.41	112.7542872	60.099
5128.45	6931.41	113.9734872	57.477
5128.45	6931.41	117.6152376	53.5453
5128.45	6931.41	119.2386024	50.5957
5128.45	6931.41	120.4578024	47.9736
5128.45	6931.41	122.0759856	46.3355
5128.45	6931.41	125.2989408	46.3379
5128.45	6931.41	127.3002576	49.618
5128.45	6931.41	128.5154952	47.9796
5128.45	6931.41	130.137336	45.3578
5128.45	6931.41	131.7582624	43.064
5128.45	6931.41	132.5693352	41.7531
5128.45	6931.41	134.5520592	49.6234
5128.45	6931.41	134.5679088	45.689
5128.45	6931.41	135.321984	58.4764
5128.45	6931.41	135.3445392	52.9027
5128.45	6931.41	135.7102992	62.0833
5128.45	6931.41	137.306232	66.0189
5128.45	6931.41	138.098712	69.2982
5128.45	6931.41	140.1353856	63.7259
5128.45	6931.41	140.1527592	59.4636
5128.45	6931.41	140.576736	54.218
5128.45	6931.41	141.4048776	48.6449
5128.45	6931.41	141.417984	45.3662
5128.45	6931.41	143.8460208	42.7451
5128.45	6931.41	147.0701952	42.4196
5128.45	6931.41	150.2919312	42.7498
5128.45	6931.41	153.10554	44.3913
5128.45	6931.41	155.1211824	44.0649
5128.45	6931.41	157.95186	41.4441
5128.45	6931.41	160.3731912	40.4622
5128.45	6931.41	164.395332	42.1046
5128.45	6931.41	167.2220472	40.4673
5128.45	6931.41	169.2379944	40.141
5128.45	6931.41	170.4358584	42.7648
5128.45	6931.41	173.6432688	46.7016
5128.45	6931.41	175.6442808	49.9818
5128.45	6931.41	177.6455976	53.2619
5128.45	6931.41	178.8635784	50.9678
5128.45	6931.41	180.889584	48.0184
5128.45	6931.41	181.7034	46.0518
5128.45	6931.41	184.5249336	45.7261
5128.45	6931.41	187.354392	43.4331
5128.45	6931.41	188.9869008	38.1884
5128.45	6931.41	191.010468	35.8948
5128.45	6931.41	193.0090416	39.8307
5128.45	6931.41	193.3949184	44.0933
5128.45	6931.41	194.5769328	50.6516
5128.45	6931.41	194.9521416	57.5371
5128.45	6931.41	195.3313128	63.439
5128.45	6931.41	196.5307008	65.735
5128.45	6931.41	198.9849504	56.5565
5128.45	6931.41	199.0035432	51.9663
5128.45	6931.41	199.0178688	48.3598
5128.45	6931.41	201.4404192	47.0501
5128.45	6931.41	201.8287344	50.6569
5128.45	6931.41	203.4365544	51.6417
5128.45	6931.41	204.6676416	46.0689
5128.45	6931.41	205.0797312	43.7741
5128.45	6931.41	206.703096	40.8245
5128.45	6931.41	210.7383432	39.1881
5128.45	6931.41	214.3602816	40.1744
5128.45	6931.41	218.3879088	40.5053
5128.45	6931.41	221.99796	44.4424
5128.45	6931.41	225.2328024	41.494
5128.45	6931.41	226.8589104	37.8886
5128.45	6931.41	229.6947696	33.9563
5128.45	6931.41	231.3117336	32.646
5128.45	6931.41	232.882368	42.8111
5128.45	6931.41	232.9046184	37.2374
5128.45	6931.41	233.2600152	49.0409
5128.45	6931.41	234.8464992	55.2716
5128.45	6931.41	236.8795152	50.6829
5128.45	6931.41	238.1145648	44.1265
5128.45	6931.41	238.9506312	36.5861
5128.45	6931.41	241.803864	28.3915
5128.45	6931.41	244.6159488	30.3608
5128.45	6931.41	247.0135056	35.2806
5128.45	6931.41	247.8072048	38.232
5128.45	6931.41	249.8350392	34.9548
5128.45	6931.41	251.8573872	32.9891
5128.45	6931.41	255.8819664	33.9757
5128.45	6931.41	258.316404	29.7152
5128.45	6931.41	260.7404784	28.0777
5128.45	6931.41	261.5250336	33.3242
5128.45	6931.41	263.522388	37.5879
5128.45	6931.41	264.3212688	39.2279
5128.45	6931.41	267.5497104	37.9188
5128.45	6931.41	269.558952	39.5596
5128.45	6931.41	271.982112	37.9221
5128.45	6931.41	274.399176	37.596
5128.45	6931.41	276.828432	34.9749
5128.45	6931.41	280.455552	34.6497
5128.45	6931.41	283.677288	34.6521
5128.45	6931.41	287.292216	37.2777
5128.45	6931.41	290.523096	35.6408
5128.45	6931.41	294.150216	34.9877
5128.45	6931.41	296.966568	36.6291
5128.45	6931.41	298.560672	40.8926
5128.45	6931.41	300.16392	42.5332
5128.45	6931.41	302.172552	44.174
5128.45	6931.41	303.358224	50.0765
5128.45	6931.41	304.940136	57.2908
5128.45	6931.41	306.125808	62.8655
5128.45	6931.41	308.13444	64.1784
5128.45	6931.41	309.304872	74.0154
5128.45	6931.41	310.13088	68.7701
5128.45	6931.41	310.886784	80.9018
5128.45	6931.41	311.27388	85.1644
5128.45	6931.41	313.306896	80.5757
5128.45	6931.41	314.139	73.6911
5128.45	6931.41	314.56572	67.7897
5128.45	6931.41	315.791016	63.5284
5128.45	6931.41	317.424744	57.9558
5128.45	6931.41	318.26904	48.7761
5128.45	6931.41	319.101144	42.5472
5128.45	6931.41	320.72268	39.9255
5128.45	6931.41	321.938832	37.6313
5128.45	6931.41	323.535984	41.5669
5128.45	6931.41	325.120944	47.7976
5128.45	6931.41	325.907328	53.0441
5128.45	6931.41	327.498384	57.6354
5128.45	6931.41	328.696248	60.915
5128.45	6931.41	331.530888	57.3105
5128.45	6931.41	333.963192	53.3779
5128.45	6931.41	337.200168	50.1016
5128.45	6931.41	340.028712	47.8086
5128.45	6931.41	342.857256	45.8435
5128.45	6931.41	346.472184	48.4692
5128.45	6931.41	349.690872	49.4551
5128.45	6931.41	353.714232	50.4417
5128.45	6931.41	355.33272	49.4593
5128.45	6931.41	358.139928	52.4122
5128.45	6931.41	361.358616	53.0704
5128.45	6931.41	362.9832	50.4486
5128.45	6931.41	366.994368	54.386
5128.45	6931.41	370.158192	69.1425
5128.45	6931.41	370.182576	63.2408
5128.45	6931.41	370.197816	59.6343
5128.45	6931.41	372.95016	76.0298
5128.45	6931.41	373.736544	81.2763
5128.45	6931.41	377.348424	84.2298
5128.45	6931.41	379.774632	81.9365
5128.45	6931.41	380.606736	76.0355
5128.45	6931.41	382.24656	68.4957
5128.45	6931.41	383.075616	62.9225
5128.45	6931.41	383.1	56.693
5128.45	6931.41	385.12692	54.0716
5128.45	6931.41	388.763184	51.4513
5128.45	6931.41	392.393352	50.1426
5128.45	6931.41	395.212752	50.1447
5128.45	6931.41	398.43144	51.4585
5128.45	6931.41	402.466992	49.4943
5128.45	6931.41	406.490352	51.1366
5128.45	6931.41	408.523368	46.8758
5128.45	6931.41	410.949576	44.2547
5128.45	6931.41	413.375784	42.2893
5128.45	6931.41	416.99376	44.2592
5128.45	6931.41	418.618344	40.9817
5128.45	6931.41	419.499216	22.2938
5128.45	6931.41	419.85888	32.7859
5128.45	6931.41	421.148184	13.1147
5128.45	6931.41	421.599288	0.983902
